22 serialization::archive 20 0 0 1 0 1 1 0
0 5 43234 2 0 0 0 1 0 3 1 0
1 0 0 0 0 1 0 0 0 0 1 0 0 8 dfssdfsf 0 0 7 0 1 0
2 0 0
3 1 0 8 1 0
4 3 1 0 0 1 0 0 0 0 0 0 0 0 1 0 0
5 0 0
6 0 0
7 0 0
8 0 0
9 0 0 0 0 30 0 13 1 1
10 7 2 0 0 0 0 0 0 0 0 13
11 7 3 1 0 0 0 1 0 0 0 0 0 1 0 0 0 0 -1 0 0 -1 -1 37 0 0 21845 1434451969 21845 1434467216 0 0 -1 -1 0 0 0 0 1 0 0 0 2 0 0  0  13
12 7 5 0 0 0 0 13
13 7 6 0 0 0 0 13
14 7 7 0 0 0 0 13
15 7 8 0 0 0 0 13
16 7 9 0 0 0 0 13
17 7 2 0 0 0 0 13
18 7 3 1 0 1 0 1 0 0 -1 -1 -1 37 21845 1434451969 21845 1434467216 -1 -1 0 0 1 0 2 0 0  0  13
19 7 5 0 0 0 0 13
20 7 6 0 0 0 0 13
21 7 7 0 0 0 0 13
22 7 8 0 0 0 0 13
23 7 9 0 0 0 0 13
24 7 2 0 0 0 0 13
25 7 3 1 0 1 0 1 0 0 -1 -1 -1 37 21845 1434451969 21845 1434467216 -1 -1 0 0 1 0 2 0 0  0  13
26 7 5 0 0 0 0 13
27 7 6 0 0 0 0 13
28 7 7 0 0 0 0 13
29 7 8 0 0 0 0 13
30 7 9 0 0 0 0 13
31 7 2 0 0 0 0 13
32 7 3 1 0 1 0 1 0 0 -1 -1 -1 37 21845 1434451969 21845 1434467216 -1 -1 0 0 1 0 2 0 0  0  13
33 7 5 0 0 0 0 13
34 7 6 0 0 0 0 13
35 7 7 0 0 0 0 13
36 7 8 0 0 0 0 13
37 7 9 0 0 0 0 13
38 7 2 0 0 0 0 13
39 7 3 1 0 1 0 1 0 0 -1 -1 -1 37 21845 1434451969 21845 1434467216 -1 -1 0 0 1 0 2 0 0  0 
