22 serialization::archive 19 0 0 0 0 0 0 1 0 2 1 0
0 3 0 0 0 0 0 4 fsfs 0 0 7 0 1 0
1 0 0
2 0 0
3 0 0
4 0 0
5 1 0 6 1 0
6 2 0 0 0 1 0 0 0 0 0 0 0 0 1 0 0
7 0 0
8 0 0 0 0 30 0 11 1 0
9 5 4 0 0 0 0 11
10 5 5 0 0 11
11 5 7 0 0 11
12 5 8 1 0 0 0 1 0 0 0 0 0 0 0 0 0 0 0 11
13 5 1 0 0 11
14 5 2 0 0 11
15 5 3 0 0 11
16 5 4 0 0 11
17 5 5 0 0 11
18 5 7 0 0 11
19 5 8 1 0 1 0 0 0 0 0 11
20 5 1 0 0 11
21 5 2 0 0 11
22 5 3 0 0 11
23 5 4 0 0 11
24 5 5 0 0 11
25 5 7 0 0 11
26 5 8 1 0 1 0 0 0 0 0 11
27 5 1 0 0 11
28 5 2 0 0 11
29 5 3 0 0 11
30 5 4 0 0 11
31 5 5 0 0 11
32 5 7 0 0 11
33 5 8 1 0 1 0 0 0 0 0 11
34 5 1 0 0 11
35 5 2 0 0 11
36 5 3 0 0 11
37 5 4 0 0 11
38 5 5 0 0
