22 serialization::archive 20 0 0 3 0 1 1 0
0 1 1 0 0 1
1 1 2 2 0 1
2 1 3 1 0 0 0 10 0 3 1 0
3 1 6 0 0 1 0 0 0 0 1 0 0 0  3
4 2 0 2 0 0 1 1 0 0 1 2 0 0  3
5 3 0 1 0 0 1 1 0 0  3
6 4 5 1 0 0 1 0 0 0  3
7 0 5 2 0 0 1 0 0 0 1 2 0 9 423432fwe 3
8 6 5 2 0 0 1 1 0 0 1 2 0 0  3
9 7 5 1 0 0 1 2 0 0  3
10 8 7 1 0 0 1 0 0 0  3
11 9 0 1 0 0 1 2 0 0  3
12 10 3 1 0 1 1 1 0 0  0 0 7 0 1 0
13 0 0
14 0 0
15 6 0 8 1 0
16 3 7 0 0 2 0 0 0 0 0 0 1 0 2 0 1 3 0 4 0 0 8
17 3 3 1 0 0 1 0 2 0 1 8
18 3 4 1 0 0 2 0 3 0 0 8
19 3 5 1 0 0 3 0 4 0 0 8
20 3 6 1 0 0 4 0 5 0 0 8
21 3 8 1 0 1 6 0 7 0 0
22 0 0
23 1 0 8
24 3 9 1 0 0 0 0 1 0 0
25 1 0 8
26 3 10 1 0 1 1 0 2 0 0
27 2 0 8
28 3 12 2 0 0 0 0 11 0 1 11 0 12 0 0 8
29 3 11 1 0 0 2 0 10 0 0 0 0 31 0 13 1 0
30 7 23 0 0 1 0 0 0 1 0 0 0 0 0 1 0 0 0 0 -1 0 0 -1 -1 1434108632 0 0 32767 7 124 4 0 0 -1 -1 0 0 0 0 13
31 7 25 1 0 1 0 1 0 0 -1 -1 -1 1434108632 32767 7 124 4 -1 -1 0 0 13
32 7 27 2 0 2 0 1 0 0 -1 -1 -1 1434108632 32767 7 124 4 -1 -1 0 0 1 0 -1 -1 -1 -1 1434108632 32767 7 124 4 -1 -1 0 0 1 0 1 0 0 -1 -1 -1 1434108632 32767 7 124 4 -1 -1 0 0 13
33 7 13 0 0 13
34 7 14 0 0 13
35 7 15 6 0 2 0 2 0 0 -1 -1 -1 -7616 32767 -10512 32767 1434374968 -1 -1 0 -1 -1 -1 -7616 32767 -10512 32767 1434374968 -1 -1 0 0 2 0 0 -1 -1 -1 -7616 32767 -10512 32767 1434374968 -1 -1 0 -1 -1 -1 -7616 32767 -10512 32767 1434374968 -1 -1 0 0 1 0 1 0 0 -1 -1 -1 -7616 32767 -10512 32767 1434374968 -1 -1 0 0 1 0 2 0 0 -1 -1 -1 -7616 32767 -10512 32767 1434374968 -1 -1 0 -1 -1 -1 -7616 32767 -10512 32767 1434374968 -1 -1 0 0 1 0 1 0 0 -1 -1 -1 -7616 32767 -10512 32767 1434374968 -1 -1 0 0 1 0 1 0 0 -1 -1 -1 -7616 32767 -10512 32767 1434374968 -1 -1 0 0 1 0 2 0 0 -1 -1 -1 -7616 32767 -10512 32767 1434374968 -1 -1 0 -1 -1 -1 -7616 32767 -10512 32767 1434374968 -1 -1 0 0 13
36 7 22 0 0 13
37 7 23 1 0 1 0 1 0 0 -1 -1 -1 1434108632 32767 -10512 32767 1434375136 -1 -1 0 0 13
38 7 25 1 0 1 0 1 0 0 -1 -1 -1 1434108632 32767 -10512 32767 1434375144 -1 -1 0 0 13
39 7 27 2 0 2 0 1 0 0 -1 -1 -1 1434108632 32767 -10512 32767 1434375144 -1 -1 0 0 1 0 -1 -1 -1 -1 1434108632 32767 -10512 32767 1434375144 -1 -1 0 0 1 0 1 0 0 -1 -1 -1 1434108632 32767 -10512 32767 1434375144 -1 -1 0 0 13
40 7 13 0 0 13
41 7 14 0 0 13
42 7 15 6 0 2 0 2 0 0 -1 -1 -1 1434108632 32767 -10512 32767 1434361080 -1 -1 0 -1 -1 -1 1434108632 32767 -10512 32767 1434361080 -1 -1 0 0 2 0 0 -1 -1 -1 1434108632 32767 -10512 32767 1434361080 -1 -1 0 -1 -1 -1 1434108632 32767 -10512 32767 1434361080 -1 -1 0 0 1 0 1 0 0 -1 -1 -1 1434108632 32767 -10512 32767 1434361080 -1 -1 0 0 1 0 2 0 0 -1 -1 -1 1434108632 32767 -10512 32767 1434361080 -1 -1 0 -1 -1 -1 1434108632 32767 -10512 32767 1434361080 -1 -1 0 0 1 0 1 0 0 -1 -1 -1 1434108632 32767 -10512 32767 1434361080 -1 -1 0 0 1 0 1 0 0 -1 -1 -1 1434108632 32767 -10512 32767 1434361080 -1 -1 0 0 1 0 2 0 0 -1 -1 -1 1434108632 32767 -10512 32767 1434361080 -1 -1 0 -1 -1 -1 1434108632 32767 -10512 32767 1434361080 -1 -1 0 0 13
43 7 22 0 0 13
44 7 23 1 0 1 0 1 0 0 -1 -1 -1 1434108632 32767 -10512 32767 1434361096 -1 -1 0 0 13
45 7 25 1 0 1 0 1 0 0 -1 -1 -1 1434108632 32767 -10512 32767 1434361104 -1 -1 0 0 13
46 7 27 2 0 2 0 1 0 0 -1 -1 -1 1434108632 32767 -10512 32767 1434361112 -1 -1 0 0 1 0 -1 -1 -1 -1 1434108632 32767 -10512 32767 1434361112 -1 -1 0 0 1 0 1 0 0 -1 -1 -1 1434108632 32767 -10512 32767 1434361112 -1 -1 0 0 13
47 7 13 0 0 13
48 7 14 0 0 13
49 7 15 6 0 2 0 2 0 0 -1 -1 -1 1434108632 32767 -10512 32767 1434361632 -1 -1 0 -1 -1 -1 1434108632 32767 -10512 32767 1434361632 -1 -1 0 0 2 0 0 -1 -1 -1 1434108632 32767 -10512 32767 1434361632 -1 -1 0 -1 -1 -1 1434108632 32767 -10512 32767 1434361632 -1 -1 0 0 1 0 1 0 0 -1 -1 -1 1434108632 32767 -10512 32767 1434361632 -1 -1 0 0 1 0 2 0 0 -1 -1 -1 1434108632 32767 -10512 32767 1434361632 -1 -1 0 -1 -1 -1 1434108632 32767 -10512 32767 1434361632 -1 -1 0 0 1 0 1 0 0 -1 -1 -1 1434108632 32767 -10512 32767 1434361632 -1 -1 0 0 1 0 1 0 0 -1 -1 -1 1434108632 32767 -10512 32767 1434361632 -1 -1 0 0 1 0 2 0 0 -1 -1 -1 1434108632 32767 -10512 32767 1434361632 -1 -1 0 -1 -1 -1 1434108632 32767 -10512 32767 1434361632 -1 -1 0 0 13
50 7 22 0 0 13
51 7 23 1 0 1 0 1 0 0 -1 -1 -1 1434108632 32767 -10512 32767 1434361648 -1 -1 0 0 13
52 7 25 1 0 1 0 1 0 0 -1 -1 -1 1434108632 32767 -10512 32767 1434361656 -1 -1 0 0 13
53 7 27 2 0 2 0 1 0 0 -1 -1 -1 1434108632 32767 -10512 32767 1434361664 -1 -1 0 0 1 0 -1 -1 -1 -1 1434108632 32767 -10512 32767 1434361664 -1 -1 0 0 1 0 1 0 0 -1 -1 -1 1434108632 32767 -10512 32767 1434361664 -1 -1 0 0 13
54 7 13 0 0 13
55 7 14 0 0 13
56 7 15 6 0 2 0 2 0 0 -1 -1 -1 1434108632 32767 -10512 32767 1434361688 -1 -1 0 -1 -1 -1 1434108632 32767 -10512 32767 1434361688 -1 -1 0 0 2 0 0 -1 -1 -1 1434108632 32767 -10512 32767 1434361688 -1 -1 0 -1 -1 -1 1434108632 32767 -10512 32767 1434361688 -1 -1 0 0 1 0 1 0 0 -1 -1 -1 1434108632 32767 -10512 32767 1434361688 -1 -1 0 0 1 0 2 0 0 -1 -1 -1 1434108632 32767 -10512 32767 1434361688 -1 -1 0 -1 -1 -1 1434108632 32767 -10512 32767 1434361688 -1 -1 0 0 1 0 1 0 0 -1 -1 -1 1434108632 32767 -10512 32767 1434361688 -1 -1 0 0 1 0 1 0 0 -1 -1 -1 1434108632 32767 -10512 32767 1434361688 -1 -1 0 0 1 0 2 0 0 -1 -1 -1 1434108632 32767 -10512 32767 1434361688 -1 -1 0 -1 -1 -1 1434108632 32767 -10512 32767 1434361688 -1 -1 0 0 13
57 7 22 0 0 13
58 7 23 1 0 1 0 1 0 0 -1 -1 -1 1434108632 32767 -10512 32767 1434361704 -1 -1 0 0 13
59 7 25 1 0 1 0 1 0 0 -1 -1 -1 1434108632 32767 -10512 32767 1434361712 -1 -1 0 0 13
60 7 27 2 0 2 0 1 0 0 -1 -1 -1 1434108632 32767 -10512 32767 1434361720 -1 -1 0 0 1 0 -1 -1 -1 -1 1434108632 32767 -10512 32767 1434361720 -1 -1 0 0 1 0 1 0 0 -1 -1 -1 1434108632 32767 -10512 32767 1434361720 -1 -1 0 0
