22 serialization::archive 19 0 0 3 0 1 1 0
0 1 1 0 0 1
1 1 2 0 0 1
2 1 3 0 0 0 0 4 0 3 1 0
3 1 6 0 0 1 0 0 0 0 1 0 0 0  3
4 2 0 2 0 0 1 1 0 0 1 2 0 0  3
5 3 0 1 0 0 1 1 0 0  3
6 4 8 1 0 0 1 0 0 0  0 0 7 0 1 0
7 0 0
8 0 0
9 4 0 8 1 0
10 3 3 0 0 1 0 0 0 0 0 0 1 0 2 0 0 8
11 3 4 1 0 0 2 0 3 0 0 8
12 3 5 1 0 0 3 0 4 0 0 8
13 3 6 1 0 0 4 0 5 0 0
14 0 0
15 0 0
16 0 0
17 0 0 0 0 31 0 13 1 0
18 7 8 0 0 0 0 13
19 7 9 4 0 0 0 1 0 0 0 0 0 1 0 0 0 -1 -1 0 0 -1 -1 37 0 0 21845 1434189825 21845 1444729456 0 0 -1 -1 0 0 0 0 1 0 2 0 -1 -1 -1 -1 37 21845 1434189825 21845 1444729136 -1 -1 -1 -1 -1 -1 37 21845 1434189825 21845 1444729136 -1 -1 0 0 1 0 1 0 -1 -1 -1 -1 37 21845 1434189825 21845 1444780896 -1 -1 0 0 1 0 1 0 -1 -1 -1 -1 37 21845 1434189825 21845 1444707664 -1 -1 0 0 13
20 7 14 0 0 13
21 7 15 0 0 13
22 7 16 0 0 13
23 7 17 0 0 13
24 7 7 0 0 13
25 7 8 0 0 13
26 7 9 4 0 1 0 1 0 -1 -1 -1 -1 37 21845 1434189825 21845 1444729456 -1 -1 0 0 1 0 2 0 -1 -1 -1 -1 37 21845 1434189825 21845 1444729136 -1 -1 -1 -1 -1 -1 37 21845 1434189825 21845 1444729136 -1 -1 0 0 1 0 1 0 -1 -1 -1 -1 37 21845 1434189825 21845 1444780896 -1 -1 0 0 1 0 1 0 -1 -1 -1 -1 37 21845 1434189825 21845 1444707664 -1 -1 0 0 13
27 7 14 0 0 13
28 7 15 0 0 13
29 7 16 0 0 13
30 7 17 0 0 13
31 7 7 0 0 13
32 7 8 0 0 13
33 7 9 4 0 1 0 1 0 -1 -1 -1 -1 37 21845 1434189825 21845 1444729456 -1 -1 0 0 1 0 2 0 -1 -1 -1 -1 37 21845 1434189825 21845 1444729136 -1 -1 -1 -1 -1 -1 37 21845 1434189825 21845 1444729136 -1 -1 0 0 1 0 1 0 -1 -1 -1 -1 37 21845 1434189825 21845 1444780896 -1 -1 0 0 1 0 1 0 -1 -1 -1 -1 37 21845 1434189825 21845 1444707664 -1 -1 0 0 13
34 7 14 0 0 13
35 7 15 0 0 13
36 7 16 0 0 13
37 7 17 0 0 13
38 7 7 0 0 13
39 7 8 0 0 13
40 7 9 4 0 1 0 1 0 0 -1 -1 -1 37 21845 1434189825 21845 1444729456 -1 -1 0 0 1 0 2 0 1 2 -1 -1 37 21845 1434189825 21845 1444729136 -1 -1 4 2 -1 -1 37 21845 1434189825 21845 1444729136 -1 -1 0 0 1 0 1 0 2 2 -1 -1 37 21845 1434189825 21845 1444780896 -1 -1 0 0 1 0 1 0 0 -1 -1 -1 37 21845 1434189825 21845 1444707664 -1 -1 0 0 13
41 7 14 0 0 13
42 7 15 0 0 13
43 7 16 0 0 13
44 7 17 0 0 13
45 7 7 0 0 13
46 7 8 0 0 13
47 7 9 4 0 1 0 1 0 0 -1 -1 -1 37 21845 1434189825 21845 1444729456 -1 -1 0 0 1 0 2 0 0 -1 -1 -1 37 21845 1434189825 21845 1444729136 -1 -1 0 -1 -1 -1 37 21845 1434189825 21845 1444729136 -1 -1 0 0 1 0 1 0 0 -1 -1 -1 37 21845 1434189825 21845 1444780896 -1 -1 0 0 1 0 1 0 0 -1 -1 -1 37 21845 1434189825 21845 1444707664 -1 -1 0 0 13
48 7 14 0 0
